[vintage.jpg]
filters=dir_tint=1,0.511789,0.952849,0.725146,0.883041,ffffffff,0;
moddate=3dcb5683d300d601
width=1920
height=1357
textactive=0
